M1 = 100;
K1 = 50;
b = 50;
M2 = 200;
K12 = 1000;
